$ANSIBLE_VAULT;1.1;AES256
39623635306332336436373462633934613930313236316134333131643533393436373330353235
6538373837623230666138393036323964323039336163350a333462633830306336636531663834
65396130313033646133633136363331313562383036313239646563663163333966323933333636
3933653033626663340a333031306538333535333962616433363265343364666230613462316261
31313536393537653632386233346539383639336166333761323130303638353139636464653364
65376265383535326564613264366432343137306166636661316166613264333331373563356465
30633038323631396637336535613866333866643831353136643330653930666164363933396235
62326131663163633938623961636265353638313265333961663966323161633435306662663264
39356239353362336234333337333065396566383034383266663631623631383034663334333730
37653031303132303330373363616136666438623438616233656231613336326266613863346532
39393636636266303833613264366433636332623563333336376664343665333331346233373230
39663438323331376462303533303833346162656634333563303963663566336233373737303731
32636536666136393339316664626161386137383430363934373634646437643965373365666334
35393634343065343932626635663561353039373030353065353636363638363163313435363862
39613962383935303765613131656163373764393139646635393864376532346136333737613164
39376665646131613031343764313837316237393065643162313433636664333832363566363137
39383833333435623030623164336235633066386463356231613262353137366165656638363037
39623735346263626537613830333430306134366263393364663638623063643635396533313864
62393063666232336435396536306663363236363863363336643462633962353636366238313862
62626435663230656636383339316134663166356333313334656635613138663633636362663631
63613866643638363730653131396439373330653064386630633361323537663461633635633037
34663664363033353464393162303431666562393063366463336165346463343033303532616437
62623236636237383932323365326133393138653035323036303539663337643231643663383031
63373732353638656134383164363731666263373137356335373661633337626662316533393965
64616638666431643864616364306336313564616663313862643433353965643032633433386262
34616664323466326637666132633462313865366432346239326537646264313166393130346232
65636566643065616534313265313038336232636135396131333534383031633638323036316137
36623633303234376662666565326266626565636539353661313339323865643137356236616265
30633933666431626464316436643230663731363861613664303166663633383562356237646631
32653063386137633930373936643631356231383135373334613763383637376437356165643030
64323731366231383531363166376463643639336136373339643361646337383532653834323936
32383735346339616137643364316233663136613961386133666639306139336464613231306361
39663134336165613236633931636166613235343364613963636165666433386663653030653036
33366666383636316639333236346233633361323036626133363964313762393366376633383432
346461346461303039626561646139393031
