$ANSIBLE_VAULT;1.1;AES256
61613838346536336131616561656632623132323963616635616662656338393937383465313439
3461316164653639356432643631393365326231383566330a346634613638366666643462313365
64333832383736396530363238623431646230333162383339646636313733303265323134623837
6431356164396434650a636266376335353364326331383036333463393863656230623237313036
35633838366533653461396336303239313466633536366133653766383064353564333663323763
39383964333335656236396232373061326339633230356535636130306663356365363130366430
31653162633162363239393361656230653965323238363534393566333366323164303833323235
62616538633764386530343030666332373761393365393135356432376562323031376633666565
61383665363464643336376332373737616664333161346137313434356237636632343333343363
34646663313432346634363231313337396635393962643863353730386437343461383930336239
33393430383431346537373436306166323139323539356366363863383836306139396563653337
33663431646562366231626335353737336132626163383133333462303633373666333830393739
66666435643630613165376631383065616564366134313134653533646661316166
