$ANSIBLE_VAULT;1.1;AES256
63653533386334366539323933356533343861353963356533343733346237366262386131663465
3031626262393833666538353365613166666335396536380a346637323330303061613933646236
35373665353663636530376634646138346632366165363530356333373538646465623565363664
3330653038313066610a336338616564663830653030373637343766386562366336353765383036
66383830343864356166656539343830643039633937626136303363346331366438353763383037
63653138303135643635353436643265313032346534663731346235356662353963663161303132
36633133633932333630666161646266626135303136316631666532306335636530316632643630
33383933363039626162653130353862313665363834616233656261356137646262303933636536
64336235653161633038666234376466363337626434316162623930336235316434366362666163
64316435323761643139396237363436306432303233373962663263303864323762343330336362
646236633665303364633130383035336633
